29.1 29.1 29.1 29.1 29.1 29.1 29.1 29.1 29.1 29.1 29.1 29.1 29.1 29.1 29.1 29.1 29.1 29.1 29.1 29.1 29.1 29.1 29.1 29.1 29.1 29.1 29.1 29.1 26.1 26.1 26.1 26.1 26.1 26.1 26.1 26.1 26.1 26.1 26.1 26.1 0.0 0.0 0.0 0.0 0.0 0.0 0.0 0.0 0.0 0.0
29.1 29.1 29.1 29.1 29.1 29.1 29.1 29.1 29.1 29.1 29.1 29.1 29.1 29.1 29.1 29.1 29.1 29.1 29.1 29.1 29.1 29.1 29.1 29.1 29.1 29.1 29.1 29.1 26.1 26.1 26.1 26.1 26.1 26.1 26.1 26.1 26.1 26.1 26.1 26.1 0.0 0.0 0.0 0.0 0.0 0.0 0.0 0.0 0.0 0.0
29.1 29.1 29.1 29.1 29.1 29.1 29.1 29.1 29.1 29.1 29.1 29.1 29.1 29.1 29.1 29.1 29.1 29.1 29.1 29.1 29.1 29.1 29.1 29.1 29.1 29.1 29.1 29.1 26.1 26.1 26.1 26.1 26.1 26.1 26.1 26.1 26.1 26.1 26.1 26.1 0.0 0.0 0.0 0.0 0.0 0.0 0.0 0.0 0.0 0.0
29.1 29.1 29.1 29.1 29.1 29.1 29.1 29.1 29.1 29.1 29.1 29.1 29.1 29.1 29.1 29.1 29.1 29.1 29.1 29.1 29.1 29.1 29.1 29.1 29.1 29.1 29.1 29.1 26.1 26.1 26.1 26.1 26.1 26.1 26.1 26.1 26.1 26.1 26.1 26.1 0.0 0.0 0.0 0.0 0.0 0.0 0.0 0.0 0.0 0.0
29.1 29.1 29.1 29.1 29.1 29.1 29.1 29.1 29.1 29.1 29.1 29.1 29.1 29.1 29.1 29.1 29.1 29.1 29.1 29.1 29.1 29.1 29.1 29.1 29.1 29.1 29.1 29.1 26.1 26.1 26.1 26.1 26.1 26.1 26.1 26.1 26.1 26.1 26.1 26.1 0.0 0.0 0.0 0.0 0.0 0.0 0.0 0.0 0.0 0.0
29.1 29.1 29.1 29.1 29.1 29.1 29.1 29.1 29.1 29.1 29.1 29.1 29.1 29.1 29.1 29.1 29.1 29.1 29.1 29.1 29.1 29.1 29.1 29.1 29.1 29.1 29.1 29.1 26.1 26.1 26.1 26.1 26.1 26.1 26.1 26.1 26.1 26.1 26.1 26.1 0.0 0.0 0.0 0.0 0.0 0.0 0.0 0.0 0.0 0.0
29.1 29.1 29.1 29.1 29.1 29.1 29.1 29.1 29.1 29.1 29.1 29.1 29.1 29.1 29.1 29.1 29.1 29.1 29.1 29.1 29.1 29.1 29.1 29.1 29.1 29.1 29.1 29.1 26.1 26.1 26.1 26.1 26.1 26.1 26.1 26.1 26.1 26.1 26.1 26.1 0.0 0.0 0.0 0.0 0.0 0.0 0.0 0.0 0.0 0.0
29.1 29.1 29.1 29.1 29.1 29.1 29.1 29.1 29.1 29.1 29.1 29.1 29.1 29.1 29.1 29.1 29.1 29.1 29.1 29.1 29.1 29.1 29.1 29.1 29.1 29.1 29.1 29.1 26.1 26.1 26.1 26.1 26.1 26.1 26.1 26.1 26.1 26.1 26.1 26.1 0.0 0.0 0.0 0.0 0.0 0.0 0.0 0.0 0.0 0.0
29.1 29.1 29.1 29.1 29.1 29.1 29.1 29.1 29.1 29.1 29.1 29.1 29.1 29.1 29.1 29.1 29.1 29.1 29.1 29.1 29.1 29.1 29.1 29.1 29.1 29.1 29.1 29.1 26.1 26.1 26.1 26.1 26.1 26.1 26.1 26.1 26.1 26.1 26.1 26.1 0.0 0.0 0.0 0.0 0.0 0.0 0.0 0.0 0.0 0.0
29.1 29.1 29.1 29.1 29.1 29.1 29.1 29.1 29.1 29.1 29.1 29.1 29.1 29.1 29.1 29.1 29.1 29.1 29.1 29.1 29.1 29.1 29.1 29.1 29.1 29.1 29.1 29.1 26.1 26.1 26.1 26.1 26.1 26.1 26.1 26.1 26.1 26.1 26.1 26.1 0.0 0.0 0.0 0.0 0.0 0.0 0.0 0.0 0.0 0.0
29.1 29.1 29.1 29.1 29.1 29.1 29.1 29.1 29.1 29.1 29.1 29.1 29.1 29.1 29.1 29.1 29.1 29.1 29.1 29.1 29.1 29.1 29.1 29.1 29.1 29.1 29.1 29.1 26.1 26.1 26.1 26.1 26.1 26.1 26.1 26.1 26.1 26.1 26.1 26.1 0.0 0.0 0.0 0.0 0.0 0.0 0.0 0.0 0.0 0.0
29.1 29.1 29.1 29.1 29.1 29.1 29.1 29.1 29.1 29.1 29.1 29.1 29.1 29.1 29.1 29.1 29.1 29.1 29.1 29.1 29.1 29.1 29.1 29.1 29.1 29.1 29.1 29.1 26.1 26.1 26.1 26.1 26.1 26.1 26.1 26.1 26.1 26.1 26.1 26.1 0.0 0.0 0.0 0.0 0.0 0.0 0.0 0.0 0.0 0.0
29.1 29.1 29.1 29.1 29.1 29.1 29.1 29.1 29.1 29.1 29.1 29.1 29.1 29.1 29.1 29.1 29.1 29.1 29.1 29.1 29.1 29.1 29.1 29.1 29.1 29.1 29.1 29.1 26.1 26.1 26.1 26.1 26.1 26.1 26.1 26.1 26.1 26.1 26.1 26.1 0.0 0.0 0.0 0.0 0.0 0.0 0.0 0.0 0.0 0.0
29.1 29.1 29.1 29.1 29.1 29.1 29.1 29.1 29.1 29.1 29.1 29.1 29.1 29.1 29.1 29.1 29.1 29.1 29.1 29.1 29.1 29.1 29.1 29.1 29.1 29.1 29.1 29.1 26.1 26.1 26.1 26.1 26.1 26.1 26.1 26.1 26.1 26.1 26.1 26.1 0.0 0.0 0.0 0.0 0.0 0.0 0.0 0.0 0.0 0.0
29.1 29.1 29.1 29.1 29.1 29.1 29.1 29.1 29.1 29.1 29.1 29.1 29.1 29.1 29.1 29.1 29.1 29.1 29.1 29.1 29.1 29.1 29.1 29.1 29.1 29.1 29.1 29.1 26.1 26.1 26.1 26.1 26.1 26.1 26.1 26.1 26.1 26.1 26.1 26.1 28.5 28.5 28.5 28.5 28.5 28.5 28.5 0.0 0.0 0.0
29.1 29.1 29.1 29.1 29.1 29.1 29.1 29.1 29.1 29.1 29.1 29.1 29.1 29.1 29.1 29.1 29.1 29.1 29.1 29.1 29.1 29.1 29.1 29.1 29.1 29.1 29.1 29.1 26.1 26.1 26.1 26.1 26.1 26.1 26.1 26.1 26.1 26.1 26.1 26.1 28.5 28.5 28.5 28.5 28.5 28.5 28.5 0.0 0.0 0.0
29.1 29.1 29.1 29.1 29.1 29.1 29.1 29.1 29.1 29.1 29.1 29.1 29.1 29.1 29.1 29.1 29.1 29.1 29.1 29.1 29.1 29.1 29.1 29.1 29.1 29.1 29.1 29.1 26.1 26.1 26.1 26.1 26.1 26.1 26.1 26.1 26.1 26.1 26.1 26.1 28.5 28.5 28.5 28.5 28.5 28.5 28.5 0.0 0.0 0.0
29.1 29.1 29.1 29.1 29.1 29.1 29.1 29.1 29.1 29.1 29.1 29.1 29.1 29.1 29.1 29.1 29.1 29.1 29.1 29.1 29.1 29.1 29.1 29.1 29.1 29.1 29.1 29.1 26.1 26.1 26.1 26.1 26.1 26.1 26.1 26.1 26.1 26.1 26.1 26.1 28.5 28.5 28.5 28.5 28.5 28.5 28.5 0.0 0.0 0.0
29.1 29.1 29.1 29.1 29.1 29.1 29.1 29.1 29.1 29.1 29.1 29.1 29.1 29.1 29.1 29.1 29.1 29.1 29.1 29.1 29.1 29.1 29.1 29.1 29.1 29.1 29.1 29.1 26.1 26.1 26.1 26.1 26.1 26.1 26.1 26.1 26.1 26.1 26.1 26.1 28.5 28.5 28.5 28.5 28.5 28.5 28.5 0.0 0.0 0.0
49.0 49.0 49.0 49.0 49.0 49.0 49.0 49.0 49.0 49.0 49.0 49.0 49.0 49.0 49.0 49.0 49.0 49.0 49.0 49.0 36.1 36.1 36.1 36.1 36.1 36.1 36.1 36.1 26.1 26.1 26.1 26.1 26.1 26.1 26.1 26.1 26.1 26.1 26.1 26.1 28.5 28.5 28.5 28.5 28.5 28.5 28.5 0.0 0.0 0.0
49.0 49.0 49.0 49.0 49.0 49.0 49.0 49.0 49.0 49.0 49.0 49.0 49.0 49.0 49.0 49.0 49.0 49.0 49.0 49.0 36.1 36.1 36.1 36.1 36.1 36.1 36.1 36.1 26.1 26.1 26.1 26.1 26.1 26.1 26.1 26.1 26.1 26.1 26.1 26.1 28.5 28.5 28.5 28.5 28.5 28.5 28.5 28.5 28.5 28.5
49.0 49.0 49.0 49.0 49.0 49.0 49.0 49.0 49.0 49.0 49.0 49.0 49.0 49.0 49.0 49.0 49.0 49.0 49.0 49.0 36.1 36.1 36.1 36.1 36.1 36.1 36.1 36.1 26.1 26.1 26.1 26.1 26.1 26.1 26.1 26.1 26.1 26.1 26.1 26.1 28.5 28.5 28.5 28.5 28.5 28.5 28.5 28.5 28.5 28.5
49.0 49.0 49.0 49.0 49.0 49.0 49.0 49.0 49.0 49.0 49.0 49.0 49.0 49.0 49.0 49.0 49.0 49.0 49.0 49.0 36.1 36.1 36.1 36.1 36.1 36.1 36.1 36.1 26.1 26.1 26.1 26.1 26.1 26.1 26.1 26.1 26.1 26.1 26.1 26.1 28.5 28.5 28.5 28.5 28.5 28.5 28.5 28.5 28.5 28.5
49.0 49.0 49.0 49.0 49.0 49.0 49.0 49.0 49.0 49.0 49.0 49.0 49.0 49.0 49.0 49.0 49.0 49.0 49.0 49.0 36.1 36.1 36.1 36.1 36.1 36.1 36.1 36.1 26.1 26.1 26.1 26.1 26.1 26.1 26.1 26.1 26.1 26.1 26.1 26.1 28.5 28.5 28.5 28.5 28.5 28.5 28.5 28.5 28.5 28.5
49.0 49.0 49.0 49.0 49.0 49.0 49.0 49.0 49.0 49.0 49.0 49.0 49.0 49.0 49.0 49.0 49.0 49.0 49.0 49.0 36.1 36.1 36.1 36.1 36.1 36.1 36.1 36.1 36.1 36.1 36.1 36.1 36.1 36.1 36.1 36.1 36.1 28.5 28.5 28.5 28.5 28.5 28.5 28.5 28.5 28.5 28.5 28.5 28.5 28.5
49.0 49.0 49.0 49.0 49.0 49.0 49.0 49.0 49.0 49.0 49.0 49.0 49.0 49.0 49.0 49.0 49.0 49.0 49.0 49.0 36.1 36.1 36.1 36.1 36.1 36.1 36.1 36.1 36.1 36.1 36.1 36.1 36.1 36.1 36.1 36.1 36.1 28.5 28.5 28.5 28.5 28.5 28.5 28.5 28.5 28.5 28.5 28.5 28.5 28.5
49.0 49.0 49.0 49.0 49.0 49.0 49.0 49.0 49.0 49.0 49.0 49.0 49.0 49.0 49.0 49.0 49.0 49.0 49.0 49.0 36.1 36.1 36.1 36.1 36.1 36.1 36.1 36.1 36.1 36.1 36.1 36.1 36.1 36.1 36.1 36.1 36.1 28.5 28.5 28.5 28.5 28.5 28.5 28.5 28.5 28.5 28.5 28.5 28.5 28.5
49.0 49.0 49.0 49.0 49.0 49.0 49.0 49.0 49.0 49.0 49.0 49.0 49.0 49.0 49.0 49.0 49.0 49.0 49.0 49.0 49.0 49.0 49.0 49.0 44.9 44.9 44.9 44.9 44.9 44.9 44.9 44.9 44.9 44.9 44.9 44.9 44.9 28.5 28.5 28.5 28.5 28.5 28.5 28.5 28.5 28.5 28.5 28.5 28.5 28.5
49.0 49.0 49.0 49.0 49.0 49.0 49.0 49.0 49.0 49.0 49.0 49.0 49.0 49.0 49.0 49.0 49.0 49.0 49.0 49.0 49.0 49.0 49.0 49.0 44.9 44.9 44.9 44.9 44.9 44.9 44.9 44.9 44.9 44.9 44.9 44.9 44.9 28.5 28.5 28.5 28.5 28.5 28.5 28.5 28.5 28.5 28.5 28.5 28.5 28.5
49.0 49.0 49.0 49.0 49.0 49.0 49.0 49.0 49.0 49.0 49.0 49.0 49.0 49.0 49.0 49.0 49.0 49.0 49.0 49.0 49.0 49.0 49.0 49.0 44.9 44.9 44.9 44.9 44.9 44.9 44.9 44.9 44.9 44.9 44.9 44.9 44.9 28.5 28.5 28.5 28.5 28.5 28.5 28.5 28.5 28.5 28.5 28.5 28.5 28.5
49.0 49.0 49.0 49.0 49.0 49.0 49.0 49.0 49.0 49.0 49.0 49.0 49.0 49.0 49.0 49.0 49.0 49.0 49.0 49.0 49.0 49.0 49.0 49.0 44.9 44.9 44.9 44.9 44.9 44.9 44.9 44.9 44.9 44.9 44.9 44.9 44.9 28.5 28.5 28.5 28.5 28.5 28.5 28.5 28.5 28.5 28.5 28.5 28.5 28.5
49.0 49.0 49.0 49.0 49.0 49.0 49.0 49.0 49.0 49.0 49.0 49.0 49.0 49.0 49.0 49.0 49.0 49.0 49.0 49.0 49.0 49.0 49.0 49.0 44.9 44.9 44.9 44.9 44.9 44.9 44.9 44.9 44.9 44.9 44.9 44.9 44.9 28.5 28.5 28.5 28.5 28.5 28.5 28.5 28.5 28.5 28.5 28.5 28.5 28.5
37.5 37.5 37.5 37.5 37.5 37.5 37.5 37.5 37.5 37.5 37.5 37.5 37.5 37.5 37.5 37.5 37.5 37.5 37.5 37.5 37.5 37.5 37.5 37.5 44.9 44.9 44.9 44.9 44.9 44.9 44.9 44.9 44.9 44.9 44.9 44.9 44.9 28.5 28.5 28.5 28.5 28.5 28.5 28.5 28.5 28.5 28.5 28.5 28.5 28.5
37.5 37.5 37.5 37.5 37.5 37.5 37.5 37.5 37.5 37.5 37.5 37.5 37.5 37.5 37.5 37.5 37.5 37.5 37.5 37.5 37.5 37.5 37.5 37.5 44.9 44.9 44.9 44.9 44.9 44.9 44.9 44.9 44.9 44.9 44.9 44.9 44.9 28.5 28.5 28.5 28.5 28.5 28.5 28.5 28.5 28.5 28.5 28.5 28.5 28.5
37.5 37.5 37.5 37.5 37.5 37.5 37.5 37.5 37.5 37.5 37.5 37.5 37.5 37.5 37.5 37.5 37.5 37.5 37.5 37.5 37.5 37.5 37.5 37.5 44.9 44.9 44.9 44.9 44.9 44.9 44.9 44.9 44.9 44.9 44.9 44.9 44.9 28.5 28.5 28.5 28.5 28.5 28.5 28.5 28.5 28.5 28.5 28.5 28.5 28.5
37.5 37.5 37.5 37.5 37.5 37.5 37.5 37.5 37.5 37.5 37.5 37.5 37.5 37.5 37.5 37.5 37.5 37.5 37.5 37.5 37.5 37.5 37.5 37.5 44.9 44.9 44.9 44.9 44.9 44.9 44.9 44.9 44.9 44.9 44.9 44.9 44.9 28.5 28.5 28.5 28.5 28.5 28.5 28.5 28.5 28.5 28.5 28.5 28.5 28.5
37.5 37.5 37.5 37.5 37.5 37.5 37.5 37.5 37.5 37.5 37.5 37.5 37.5 37.5 37.5 37.5 37.5 37.5 37.5 37.5 37.5 37.5 37.5 37.5 44.9 44.9 44.9 44.9 44.9 44.9 44.9 44.9 44.9 44.9 44.9 44.9 44.9 28.5 28.5 28.5 28.5 28.5 28.5 28.5 28.5 28.5 28.5 28.5 28.5 28.5
37.5 37.5 37.5 37.5 37.5 37.5 37.5 37.5 37.5 37.5 37.5 37.5 37.5 37.5 37.5 37.5 37.5 37.5 37.5 37.5 37.5 37.5 37.5 37.5 44.9 44.9 44.9 44.9 44.9 44.9 44.9 44.9 44.9 44.9 44.9 44.9 44.9 28.5 28.5 28.5 28.5 28.5 28.5 28.5 28.5 28.5 28.5 28.5 28.5 28.5
37.5 37.5 37.5 37.5 37.5 37.5 37.5 37.5 37.5 37.5 37.5 37.5 37.5 37.5 37.5 37.5 37.5 37.5 37.5 37.5 37.5 37.5 37.5 37.5 37.5 37.5 37.5 37.5 37.5 37.5 37.5 37.5 37.5 37.5 37.5 37.5 37.5 28.5 28.5 28.5 28.5 28.5 28.5 28.5 28.5 28.5 28.5 28.5 28.5 28.5
37.5 37.5 37.5 37.5 37.5 37.5 37.5 37.5 37.5 37.5 37.5 37.5 37.5 37.5 37.5 37.5 37.5 37.5 37.5 37.5 37.5 37.5 37.5 37.5 37.5 37.5 37.5 37.5 37.5 37.5 37.5 37.5 37.5 37.5 37.5 37.5 37.5 28.5 28.5 28.5 28.5 28.5 28.5 28.5 28.5 28.5 28.5 28.5 28.5 28.5
37.5 37.5 37.5 37.5 37.5 37.5 37.5 37.5 37.5 37.5 37.5 37.5 37.5 37.5 37.5 37.5 37.5 37.5 37.5 37.5 37.5 37.5 37.5 37.5 37.5 37.5 37.5 37.5 37.5 37.5 37.5 37.5 37.5 37.5 37.5 37.5 37.5 28.5 28.5 28.5 28.5 28.5 28.5 28.5 28.5 28.5 28.5 28.5 28.5 28.5
25.7 25.7 25.7 25.7 25.7 25.7 25.7 25.7 25.7 25.7 25.7 25.7 25.7 25.7 25.7 25.7 25.7 25.7 25.7 25.7 25.7 25.7 25.7 25.7 25.7 25.7 37.5 37.5 37.5 37.5 37.5 37.5 37.5 37.5 37.5 37.5 37.5 28.5 28.5 28.5 28.5 28.5 28.5 28.5 28.5 28.5 28.5 28.5 28.5 28.5
25.7 25.7 25.7 25.7 25.7 25.7 25.7 25.7 25.7 25.7 25.7 25.7 25.7 25.7 25.7 25.7 25.7 25.7 25.7 25.7 25.7 25.7 25.7 25.7 25.7 25.7 37.5 37.5 37.5 37.5 37.5 37.5 37.5 37.5 37.5 37.5 37.5 28.5 28.5 28.5 28.5 28.5 28.5 28.5 28.5 28.5 28.5 28.5 28.5 28.5
25.7 25.7 25.7 25.7 25.7 25.7 25.7 25.7 25.7 25.7 25.7 25.7 25.7 25.7 25.7 25.7 25.7 25.7 25.7 25.7 25.7 25.7 25.7 25.7 25.7 25.7 37.5 37.5 37.5 37.5 37.5 37.5 37.5 37.5 37.5 37.5 37.5 28.5 28.5 28.5 28.5 28.5 28.5 28.5 28.5 28.5 28.5 28.5 28.5 28.5
25.7 25.7 25.7 25.7 25.7 25.7 25.7 25.7 25.7 25.7 25.7 25.7 25.7 25.7 25.7 25.7 25.7 25.7 25.7 25.7 25.7 25.7 25.7 25.7 25.7 25.7 37.5 37.5 37.5 37.5 37.5 37.5 37.5 37.5 37.5 37.5 37.5 28.5 28.5 28.5 28.5 28.5 28.5 28.5 28.5 28.5 28.5 28.5 28.5 28.5
25.7 25.7 25.7 25.7 25.7 25.7 25.7 25.7 25.7 25.7 25.7 25.7 25.7 25.7 25.7 25.7 25.7 25.7 25.7 25.7 25.7 25.7 25.7 25.7 25.7 25.7 37.5 37.5 37.5 37.5 37.5 37.5 37.5 37.5 37.5 37.5 37.5 28.5 28.5 28.5 28.5 28.5 28.5 28.5 28.5 28.5 28.5 28.5 28.5 28.5
25.7 25.7 25.7 25.7 25.7 25.7 25.7 25.7 25.7 25.7 25.7 25.7 25.7 25.7 25.7 25.7 25.7 25.7 25.7 25.7 25.7 25.7 25.7 25.7 25.7 25.7 37.5 37.5 37.5 37.5 37.5 37.5 37.5 37.5 37.5 37.5 37.5 28.5 28.5 28.5 28.5 28.5 28.5 28.5 28.5 28.5 28.5 28.5 28.5 28.5
25.7 25.7 25.7 25.7 25.7 25.7 25.7 25.7 25.7 25.7 25.7 25.7 25.7 25.7 25.7 25.7 25.7 25.7 25.7 25.7 25.7 25.7 25.7 25.7 25.7 25.7 37.5 37.5 37.5 37.5 37.5 37.5 37.5 37.5 37.5 37.5 37.5 28.5 28.5 28.5 28.5 28.5 28.5 28.5 28.5 28.5 28.5 28.5 28.5 28.5
25.7 25.7 25.7 25.7 25.7 25.7 25.7 25.7 25.7 25.7 25.7 25.7 25.7 25.7 25.7 25.7 25.7 25.7 25.7 25.7 25.7 25.7 25.7 25.7 25.7 25.7 37.5 37.5 37.5 37.5 37.5 37.5 37.5 37.5 37.5 37.5 37.5 28.5 28.5 28.5 28.5 28.5 28.5 28.5 28.5 28.5 28.5 28.5 28.5 28.5
25.7 25.7 25.7 25.7 25.7 25.7 25.7 25.7 25.7 25.7 25.7 25.7 25.7 25.7 25.7 25.7 25.7 25.7 25.7 25.7 25.7 25.7 25.7 25.7 25.7 25.7 37.5 37.5 37.5 37.5 37.5 37.5 37.5 37.5 37.5 37.5 37.5 28.5 28.5 28.5 28.5 28.5 28.5 28.5 28.5 28.5 28.5 28.5 28.5 28.5
